LIST_OFFSET 1
5
0 0 90 180
1000 10 100 170
2000 20 110 160
3000 30 120 150
4000 40 130 140
LIST_OFFSET 2
24
0 0 90 180
220 240 90 180
20 800 90 160
60 620 90 180
360 160 50 180
80 560 90 180
100 500 90 180
120 440 30 40
160 360 90 180
180 320 90 180
700 40 90 180
200 280 90 180
140 400 60 130
240 220 90 180
280 200 90 180
320 180 90 150
400 140 90 180
440 120 20 180
500 100 90 180
560 80 90 180
40 700 90 160
620 60 70 180
800 20 90 180
800 0 90 180
LIST_OFFSET 3
24
10000 0 90 180
220 240 90 180
20 800 90 160
60 620 90 180
360 160 50 180
80 560 90 180
100 500 90 180
120 440 30 40
160 360 90 180
180 320 90 180
700 40 90 180
200 280 90 180
140 400 60 130
240 220 90 180
280 200 90 180
320 180 90 150
400 140 90 180
440 120 20 180
500 100 90 180
560 80 90 180
40 700 90 160
620 60 70 180
800 20 90 180
800 0 90 180
LIST_OFFSET 4
24
0 0 90 180
220 240 90 180
20 800 90 180
60 620 90 180
360 160 90 180
80 560 90 180
100 500 90 180
120 440 90 180
160 360 90 180
180 320 90 180
700 40 90 180
200 280 90 180
140 400 90 180
240 220 90 180
280 200 90 180
320 180 90 180
400 140 90 180
440 120 90 180
500 100 90 180
560 80 90 180
40 700 90 180
620 60 90 180
800 20 90 180
800 0 90 180
LIST_OFFSET 5
24
0 20 90 180
220 20 90 180
20 20 90 160
60 20 90 180
360 20 50 180
80 20 90 180
100 20 90 180
120 20 30 40
160 20 90 180
180 20 90 180
700 20 90 180
200 20 90 180
140 20 60 130
240 20 90 180
280 20 90 180
320 20 90 150
400 20 90 180
440 20 20 180
500 20 90 180
560 20 90 180
40 20 90 160
620 20 70 180
800 20 90 180
800 20 90 180
LIST_OFFSET 6
24
1500 20 90 180
1500 20 90 180
1500 20 90 160
1500 20 90 180
1500 20 90 180
1500 20 90 180
1500 20 90 180
1500 20 90 40
1500 20 90 180
1500 20 90 180
1500 20 90 180
1500 20 90 180
1500 20 90 130
1500 20 90 180
1500 20 90 180
1500 20 90 150
1500 20 90 180
1500 20 90 180
1500 20 90 180
1500 20 90 180
1500 20 90 160
1500 20 90 180
1500 20 90 180
1500 20 90 180
LIST_OFFSET 7
24
1500 20 90 180
1500 20 90 180
1500 20 90 160
1500 20 90 180
1500 20 50 180
1500 20 90 180
1500 20 90 180
1500 20 30 40
1500 20 90 180
1500 20 90 180
1500 20 90 180
1500 20 90 180
1500 20 60 130
1500 20 90 180
1500 20 90 180
1500 20 90 150
1500 20 90 180
1500 20 20 180
1500 20 90 180
1500 20 90 180
1500 20 90 160
1500 20 70 180
1500 20 90 180
1500 20 90 180
LIST_OFFSET 8
24
15000 20 90 180
15000 20 90 180
15000 50 90 160
15000 60 90 170
15000 20 50 150
15000 20 90 180
15000 20 40 180
15000 20 30 40
15000 90 90 180
15000 20 100 60
15000 20 90 180
15000 20 110 70
15000 20 60 130
15000 20 90 180
15000 50 120 10
15000 20 90 150
15000 20 90 180
15000 20 20 80
15000 20 90 180
15000 20 10 20
15000 150 90 180
15000 20 70 10
15000 20 90 180
15000 20 90 80
LIST_OFFSET 9
24
10000 0 90 180
20 240 100 180
300 200 80 180
60 220 90 180
250 160 60 180
20 260 100 180
50 190 90 180
220 240 60 180
160 260 70 180
80 150 80 180
170 160 90 180
20 180 90 180
30 200 60 180
140 220 90 180
30 210 60 180
20 130 90 180
40 140 70 180
210 120 70 180
50 100 90 180
170 190 100 180
10 230 80 180
60 170 70 180
120 270 90 180
50 120 60 180