1.50721e-07
1.46553e-06
5.67808e-06
1.47484e-05
3.04053e-05
5.38869e-05
8.64668e-05
0.000129654
0.000184896
0.000253506
0.000336978
0.000436366
0.000552952
0.00068782
0.000842129
0.00101679
0.00121267
0.00143086
0.00167222
0.00193762
0.00222794
0.00254442
0.00288817
0.0032606
0.0036628
0.00409579
0.00456057
0.00505833
0.00558991
0.00615606
0.00675774
0.00739593
0.00807181
0.00878605
0.00953918
0.0103318
0.0111645
0.0120371
0.01295
0.0139032
0.0148969
0.0159303
0.0170022
0.0181113
0.0192562
0.0204356
0.0216481
0.0228921
0.0241663
0.025469
0.0267988
0.0281541
0.0295333
0.0309348
0.0323569
0.033798
0.0352565
0.0367306
0.0382187
0.0397191
0.0412301
0.04275
0.0442771
0.0458098
0.0473464
0.0488857
0.050426
0.051966
0.0535041
0.0550386
0.0565683
0.0580916
0.0596073
0.0611141
0.0626107
0.0640958
0.0655681
0.0670265
0.0684696
0.0698965
0.0713059
0.0726966
0.0740673
0.0754171
0.0767449
0.0780497
0.0793305
0.0805867
0.0818173
0.0830215
0.0841988
0.0853485
0.0864702
0.087563
0.0886261
0.089659
0.0906613
0.0916323
0.0925716
0.0934786
0.094353
0.0951944
0.0960029
0.096778
0.0975196
0.0982273
0.0989009
0.0995402
0.100145
0.100714
0.101249
0.101748
0.102212
0.10264
0.103033
0.103391
0.103713
0.104
0.104251
0.104467
0.104648
0.104794
0.104904
0.104979
0.10502
0.105026
0.104997
0.104933
0.104835
0.104702
0.104535
0.104334
0.1041
0.103832
0.10353
0.103196
0.102829
0.10243
0.101999
0.101537
0.101044
0.10052
0.099966
0.0993827
0.0987705
0.0981298
0.0974614
0.0967658
0.0960436
0.0952955
0.0945217
0.0937227
0.0928992
0.0920514
0.09118
0.0902856
0.089369
0.088431
0.0874718
0.0864915
0.0854906
0.0844695
0.0834289
0.0823691
0.0812907
0.0801941
0.07908
0.0779488
0.0768012
0.0756378
0.0744595
0.0732669
0.0720609
0.0708419
0.0696107
0.0683678
0.0671141
0.0658506
0.0645781
0.0632973
0.0620088
0.0607134
0.0594119
0.058105
0.0567934
0.0554781
0.0541597
0.0528387
0.0515159
0.0501922
0.0488685
0.0475455
0.0462237
0.0449041
0.0435872
0.042274
0.0409656
0.0396627
0.0383664
0.0370771
0.0357956
0.034523
0.0332599
0.0320071
0.0307655
0.0295358
0.0283189
0.0271156
0.0259265
0.0247525
0.023594
0.0224517
0.021326
0.0202175
0.0191265
0.0180538
0.017
0.0159653
0.0149502
0.0139551
0.0129801
0.0120253
0.0110912
0.0101781
0.00928625
0.00841624
0.00756832
0.00674254
0.00593903
0.0051579
0.00439931
0.00366321
0.00294947
0.00225784
0.0015883
0.000940844
0.000315325
-0.000288351
-0.000870334
-0.00143085
-0.00197016
-0.00248874
-0.00298712
-0.00346587
-0.00392574
-0.00436742
-0.00479115
-0.00519731
-0.00558598
-0.00595737
-0.00631163
-0.00664888
-0.00696928
-0.00727283
-0.00755965
-0.00782995
-0.00808401
-0.0083225
-0.00854575
-0.00875409
-0.00894783
-0.00912719
-0.0092926
-0.00944441
-0.009583
-0.00970858
-0.00982154
-0.00992246
-0.0100117
-0.0100896
-0.0101563
-0.0102125
-0.0102584
-0.0102943
-0.0103209
-0.0103383
-0.0103472
-0.0103478
-0.0103404
-0.0103253
-0.0103028
-0.0102731
-0.0102363
-0.0101928
-0.010143
-0.0100871
-0.0100255
-0.0099585
-0.00988633
-0.00980915
-0.00972706
-0.0096403
-0.0095492
-0.00945409
-0.00935522
-0.0092528
-0.00914711
-0.00903831
-0.00892658
-0.00881208
-0.00869495
-0.00857541
-0.00845366
-0.00832994
-0.00820456
-0.00807767
-0.00794943
-0.00781995
-0.00768937
-0.00755791
-0.00742568
-0.00729277
-0.00715928
-0.00702535
-0.00689118
-0.00675692
-0.00662271
-0.0064887
-0.00635507
-0.00622191
-0.00608935
-0.00595745
-0.00582628
-0.00569586
-0.00556633
-0.00543773
-0.00531015
-0.00518365
-0.00505832
-0.00493425
-0.00481153
-0.00469025
-0.00457039
-0.004452
-0.00433516
-0.00421997
-0.00410649
-0.00399478
-0.00388485
-0.00377672
-0.00367044
-0.00356605
-0.00346359
-0.0033631
-0.0032646
-0.0031681
-0.00307364
-0.00298117
-0.00289069
-0.00280216
-0.00271561
-0.00263105
-0.00254849
-0.0024679
-0.00238919
-0.00231235
-0.00223735
-0.00216417
-0.00209278
-0.00202319
-0.00195535
-0.00188925
-0.00182483
-0.00176205
-0.00170091
-0.00164137
-0.00158348
-0.0015272
-0.00147247
-0.00141928
-0.00136757
-0.00131731
-0.00126845
-0.001221
-0.00117493
-0.00113025
-0.00108693
-0.00104498
-0.00100437
-0.000965062
-0.000926975
-0.000890091
-0.000854378
-0.000819824
-0.000786415
-0.000754113
-0.000722864
-0.000692646
-0.000663442
-0.000635239
-0.000608024
-0.000581778
-0.000556465
-0.000532057
-0.000508559
-0.000485965
-0.000464273
-0.000443446
-0.000423455
-0.000404292
-0.000385931
-0.000368352
-0.000351513
-0.000335338
-0.0003198
-0.00030488
-0.000290559
-0.000276816
-0.000263622
-0.000250945
-0.00023877
-0.000227088
-0.000215896
-0.000205174
-0.000194904
-0.000185082
-0.000175703
-0.000166749
-0.000158185
-0.000149989
-0.000142147
-0.00013464
-0.000127461
-0.000120603
-0.000114054
-0.000107796
-0.000101825
-9.6139e-05
-9.0728e-05
-8.5579e-05
-8.06676e-05
-7.5986e-05
-7.15234e-05
-6.72726e-05
-6.3228e-05
-5.93791e-05
-5.57212e-05
-5.22479e-05
-4.89507e-05
-4.58272e-05
-4.28664e-05
-4.0063e-05
-3.74078e-05
-3.48907e-05
-3.25056e-05
-3.02508e-05
-2.81226e-05
-2.61172e-05
-2.42354e-05
-2.24763e-05
-2.08325e-05
-1.92904e-05
-1.78393e-05
-1.64724e-05
-1.51816e-05
-1.39634e-05
-1.28137e-05
-1.17303e-05
-1.07136e-05
-9.76357e-06
-8.87845e-06
-8.05241e-06
-7.28456e-06
-6.57164e-06
-5.91002e-06
-5.29995e-06
-4.74177e-06
-4.23444e-06
-3.7703e-06
-3.34351e-06
-2.95121e-06
-2.58929e-06
-2.25735e-06
-1.95371e-06
-1.67491e-06
-1.42027e-06
-1.18833e-06
-9.786e-07
-7.91169e-07
-6.26141e-07
-4.83583e-07
-3.63575e-07
-2.6584e-07
-1.89267e-07
-1.30252e-07
-8.67065e-08
-5.26879e-08
-2.73496e-08
-1.0704e-08
-2.76071e-09
-1.05299e-09
-2.00849e-10
0
0
0
0
0
0
0
0
0
0
0
0
0
0
0
0
0
0
0
0
0
0
0
0
0
0
0
0
0
0
0
0
0
0
0
0
0
0
0
0
0
0
0
0
0
0
0
0
0
0
0
0
0
0
0
0
0
0
0
0
0
0
0
0
0
0
0
