LIST_OFFSET 1 
983 542 94 178 
1044 572 97 184 
900 500 90 170 
960 530 93 176 
929 515 91 173 
918 509 91 172 
937 519 92 174 
969 535 93 177 
979 540 94 178 
1008 554 95 181 
984 542 94 178 
1037 569 97 184 
941 520 92 174 
1076 588 99 188 
905 503 90 171 
1034 567 97 183 
983 542 94 178 
1012 556 96 181 
928 514 91 173 
940 520 92 174 
1060 580 98 186 
1094 597 100 189 
963 531 93 176 
1038 569 97 184 
1075 588 99 188 
1079 589 99 188 
917 509 91 172 
908 504 90 171 
934 517 92 173 
1076 588 99 188 
920 510 91 172 
984 542 94 178 
1092 596 100 189 
1007 553 95 181 
1038 569 97 184 
963 532 93 176 
1037 569 97 184 
1067 583 98 187 
904 502 90 170 
1050 575 98 185 
1098 599 100 190 
1050 575 97 185 
956 528 93 176 
1058 579 98 186 
921 510 91 172 
990 545 94 179 
1082 591 99 188 
959 529 93 176 
958 529 93 176 
926 513 91 173 
904 502 90 170 
1036 568 97 184 
942 521 92 174 
953 527 93 175 
998 549 95 180 
911 505 91 171 
1015 557 96 181 
929 515 91 173 
1018 559 96 182 
1040 570 97 184 
920 510 91 172 
983 541 94 178 
1039 569 97 184 
983 541 94 178 
910 505 90 171 
1007 554 95 181 
1033 566 97 183 
1003 551 95 180 
1089 594 99 189 
1017 559 96 182 
1081 590 99 188 
927 514 91 173 
928 514 91 173 
1061 581 98 186 
980 540 94 178 
933 517 92 173 
1086 593 99 189 
970 535 93 177 
1050 575 98 185 
1045 573 97 185 
1077 588 99 188 
1025 562 96 182 
1050 575 98 185 
970 535 93 177 
954 527 93 175 
1079 590 99 188 
986 543 94 179 
1093 596 100 189 
1033 566 97 183 
1024 562 96 182 
923 511 91 172 
1090 595 99 189 
990 545 94 179 
1016 558 96 182 
982 541 94 178 
947 524 92 175 
1081 590 99 188 
1015 557 96 181 
901 500 90 170 
1023 562 96 182 
965 533 93 177 
1005 553 95 181 
1077 589 99 188 
971 536 94 177 
1082 591 99 188 
1025 562 96 182 
903 502 90 170 
1086 593 99 189 
1038 569 97 184 
1099 600 100 190 
934 517 92 173 
927 514 91 173 
1087 593 99 189 
1039 570 97 184 
913 507 91 171 
1051 576 98 185 
1051 575 98 185 
1085 592 99 188 
1042 571 97 184 
925 512 91 172 
904 502 90 170 
905 503 90 171 
906 503 90 171 
949 525 92 175 
1072 586 99 187 
1008 554 95 181 
1011 555 96 181 
1068 584 98 187 
925 512 91 172 
956 528 93 176 
1017 559 96 182 
1094 597 100 189 
1012 556 96 181 
904 502 90 170 
1060 580 98 186 
947 523 92 175 
1061 581 98 186 
978 539 94 178 
1073 586 99 187 
1049 575 97 185 
1011 556 96 181 
927 514 91 173 
912 506 91 171 
924 512 91 172 
909 504 90 171 
921 511 91 172 
945 523 92 175 
1043 571 97 184 
1012 556 96 181 
903 501 90 170 
914 507 91 171 
1093 597 100 189 
1014 557 96 181 
941 520 92 174 
950 525 93 175 
1049 574 97 185 
939 520 92 174 
1016 558 96 182 
1094 597 100 189 
1069 585 98 187 
948 524 92 175 
999 549 95 180 
1024 562 96 182 
1066 583 98 187 
931 516 92 173 
904 502 90 170 
914 507 91 171 
997 549 95 180 
1021 561 96 182 
1014 557 96 181 
963 532 93 176 
1098 599 100 190 
1016 558 96 182 
976 538 94 178 
1010 555 96 181 
1049 575 97 185 
1034 567 97 183 
953 526 93 175 
913 507 91 171 
974 537 94 177 
1026 563 96 183 
942 521 92 174 
1051 575 98 185 
913 507 91 171 
952 526 93 175 
1061 580 98 186 
939 519 92 174 
1028 564 96 183 
1005 552 95 180 
1085 592 99 188 
953 526 93 175 
913 507 91 171 
1047 574 97 185 
1054 577 98 185 
1082 591 99 188 
1086 593 99 189 
903 501 90 170 
947 523 92 175 
1023 562 96 182 
1090 595 99 189 
1090 595 100 189 
1011 556 96 181 
1083 592 99 188 
1028 564 96 183 
978 539 94 178 
997 549 95 180 
1021 560 96 182 
1010 555 95 181 
1085 593 99 189 
1084 592 99 188 
979 539 94 178 
1093 596 100 189 
935 517 92 173 
925 513 91 173 
927 514 91 173 
1001 551 95 180 
904 502 90 170 
1090 595 99 189 
1065 583 98 187 
903 502 90 170 
935 518 92 174 
966 533 93 177 
926 513 91 173 
1062 581 98 186 
969 534 93 177 
1088 594 99 189 
1016 558 96 182 
1076 588 99 188 
1069 584 98 187 
1081 591 99 188 
992 546 95 179 
1009 555 95 181 
1060 580 98 186 
957 529 93 176 
998 549 95 180 
1020 560 96 182 
903 502 90 170 
1019 559 96 182 
987 543 94 179 
1061 581 98 186 
963 532 93 176 
1079 589 99 188 
1016 558 96 182 
937 518 92 174 
1058 579 98 186 
1022 561 96 182 
911 505 91 171 
984 542 94 178 
1036 568 97 184 
1084 592 99 188 
900 500 90 170 
1095 598 100 190 
975 538 94 178 
1095 597 100 189 
1021 560 96 182 
1066 583 98 187 
1015 557 96 181 
1026 563 96 183 
957 529 93 176 
1017 559 96 182 
1050 575 98 185 
1072 586 99 187 
1051 576 98 185 
1040 570 97 184 
1073 586 99 187 
965 532 93 176 
1034 567 97 183 
990 545 95 179 
976 538 94 178 
982 541 94 178 
980 540 94 178 
963 532 93 176 
1024 562 96 182 
986 543 94 179 
1095 597 100 189 
1036 568 97 184 
940 520 92 174 
985 543 94 179 
969 534 93 177 
1060 580 98 186 
1076 588 99 188 
1081 590 99 188 
1033 566 97 183 
954 527 93 175 
950 525 93 175 
1071 585 99 187 
1006 553 95 181 
1060 580 98 186 
1014 557 96 181 
1047 573 97 185 
1004 552 95 180 
1054 577 98 185 
1014 557 96 181 
993 547 95 179 
969 534 93 177 
914 507 91 171 
976 538 94 178 
916 508 91 172 
1097 598 100 190 
936 518 92 174 
1062 581 98 186 
1075 587 99 187 
1038 569 97 184 
1014 557 96 181 
932 516 92 173 
993 547 95 179 
969 535 93 177 
945 523 92 175 
1019 559 96 182 
962 531 93 176 
1083 592 99 188 
1082 591 99 188 
951 526 93 175 
922 511 91 172 
939 519 92 174 
1000 550 95 180 
1046 573 97 185 
942 521 92 174 
950 525 92 175 
1070 585 99 187 
983 542 94 178 
1023 562 96 182 
947 523 92 175 
920 510 91 172 
1003 552 95 180 
995 548 95 180 
931 515 92 173 
1024 562 96 182 
1009 554 95 181 
1031 565 97 183 
929 514 91 173 
1050 575 98 185 
944 522 92 174 
1004 552 95 180 
1057 579 98 186 
904 502 90 170 
965 532 93 176 
1075 587 99 187 
1069 584 98 187 
1008 554 95 181 
1073 587 99 187 
1090 595 99 189 
1065 583 98 187 
1071 585 99 187 
920 510 91 172 
1030 565 97 183 
1041 570 97 184 
1022 561 96 182 
1060 580 98 186 
907 503 90 171 
1054 577 98 185 
1046 573 97 185 
952 526 93 175 
951 526 93 175 
1026 563 96 183 
969 535 93 177 
1059 580 98 186 
989 545 94 179 
1057 578 98 186 
1098 599 100 190 
960 530 93 176 
929 514 91 173 
1080 590 99 188 
1008 554 95 181 
1095 597 100 189 
1027 564 96 183 
1099 599 100 190 
1009 555 95 181 
1005 553 95 181 
927 514 91 173 
971 536 94 177 
905 503 90 171 
932 516 92 173 
1049 575 97 185 
906 503 90 171 
973 537 94 177 
1072 586 99 187 
1039 569 97 184 
1038 569 97 184 
938 519 92 174 
988 544 94 179 
1016 558 96 182 
1098 599 100 190 
941 520 92 174 
950 525 92 175 
952 526 93 175 
1050 575 98 185 
991 546 95 179 
911 506 91 171 
1002 551 95 180 
942 521 92 174 
1060 580 98 186 
959 530 93 176 
906 503 90 171 
1019 559 96 182 
1069 584 98 187 
976 538 94 178 
1050 575 97 185 
1002 551 95 180 
1008 554 95 181 
1092 596 100 189 
1061 580 98 186 
906 503 90 171 
1042 571 97 184 
993 547 95 179 
1090 595 99 189 
944 522 92 174 
953 527 93 175 
916 508 91 172 
986 543 94 179 
922 511 91 172 
1027 563 96 183 
1061 580 98 186 
1039 570 97 184 
1053 577 98 185 
968 534 93 177 
1069 585 98 187 
986 543 94 179 
1065 582 98 186 
1025 563 96 183 
929 514 91 173 
916 508 91 172 
904 502 90 170 
913 507 91 171 
992 546 95 179 
923 511 91 172 
906 503 90 171 
1051 575 98 185 
979 539 94 178 
1049 575 97 185 
990 545 95 179 
990 545 95 179 
996 548 95 180 
995 547 95 179 
1061 580 98 186 
980 540 94 178 
1081 590 99 188 
907 504 90 171 
1055 577 98 185 
925 513 91 173 
1024 562 96 182 
902 501 90 170 
1008 554 95 181 
901 500 90 170 
1090 595 100 189 
1081 591 99 188 
1059 580 98 186 
1083 592 99 188 
929 515 91 173 
932 516 92 173 
938 519 92 174 
1024 562 96 182 
1081 591 99 188 
1098 599 100 190 
1042 571 97 184 
1046 573 97 185 
1082 591 99 188 
980 540 94 178 
950 525 92 175 
935 517 92 173 
924 512 91 172 
1063 581 98 186 
929 515 91 173 
953 526 93 175 
1064 582 98 186 
962 531 93 176 
1096 598 100 190 
953 527 93 175 
1007 553 95 181 
963 531 93 176 
1082 591 99 188 
973 537 94 177 
987 543 94 179 
1002 551 95 180 
1088 594 99 189 
906 503 90 171 
1043 572 97 184 
1078 589 99 188 
905 503 90 171 
1004 552 95 180 
965 533 93 177 
1072 586 99 187 
1012 556 96 181 
1038 569 97 184 
991 545 95 179 
1026 563 96 183 
958 529 93 176 
902 501 90 170 
1015 558 96 182 
962 531 93 176 
1003 552 95 180 
1083 592 99 188 
985 543 94 179 
949 525 92 175 
974 537 94 177 
1086 593 99 189 
1087 594 99 189 
1069 584 98 187 
1084 592 99 188 
946 523 92 175 
917 509 91 172 
945 523 92 175 
963 531 93 176 
935 517 92 173 
1021 561 96 182 
983 541 94 178 
1063 582 98 186 
937 519 92 174 
1040 570 97 184 
948 524 92 175 
1015 557 96 181 
970 535 93 177 
911 506 91 171 
946 523 92 175 
1033 566 97 183 
999 550 95 180 
1004 552 95 180 
935 517 92 173 
1014 557 96 181 
1099 600 100 190 
1063 582 98 186 
1019 559 96 182 
1095 598 100 190 
1080 590 99 188 
1019 560 96 182 
906 503 90 171 
919 509 91 172 
913 507 91 171 
990 545 95 179 
975 538 94 178 
1095 598 100 190 
934 517 92 173 
1095 597 100 189 
1053 577 98 185 
1065 582 98 186 
1027 563 96 183 
1034 567 97 183 
995 548 95 180 
903 501 90 170 
971 535 94 177 
998 549 95 180 
1046 573 97 185 
994 547 95 179 
991 546 95 179 
928 514 91 173 
902 501 90 170 
1052 576 98 185 
964 532 93 176 
1097 598 100 190 
944 522 92 174 
968 534 93 177 
1005 552 95 180 
1051 575 98 185 
993 546 95 179 
925 512 91 172 
963 531 93 176 
1001 550 95 180 
1035 567 97 183 
1054 577 98 185 
926 513 91 173 
905 502 90 170 
1004 552 95 180 
1062 581 98 186 
903 501 90 170 
1034 567 97 183 
1037 569 97 184 
990 545 94 179 
1083 591 99 188 
1029 564 96 183 
901 501 90 170 
997 548 95 180 
1072 586 99 187 
1066 583 98 187 
1030 565 96 183 
1035 567 97 183 
1016 558 96 182 
955 527 93 175 
1012 556 96 181 
1034 567 97 183 
970 535 94 177 
1071 586 99 187 
939 520 92 174 
1049 575 97 185 
958 529 93 176 
1055 577 98 185 
986 543 94 179 
1062 581 98 186 
971 535 94 177 
943 521 92 174 
1053 577 98 185 
962 531 93 176 
1047 573 97 185 
1049 574 97 185 
944 522 92 174 
943 521 92 174 
940 520 92 174 
929 514 91 173 
975 538 94 178 
905 503 90 171 
922 511 91 172 
1035 567 97 183 
1060 580 98 186 
916 508 91 172 
946 523 92 175 
942 521 92 174 
1083 592 99 188 
1042 571 97 184 
1011 555 96 181 
961 530 93 176 
1067 583 98 187 
987 544 94 179 
1085 592 99 188 
1041 571 97 184 
996 548 95 180 
925 513 91 173 
1095 598 100 190 
932 516 92 173 
941 520 92 174 
986 543 94 179 
981 540 94 178 
929 515 91 173 
1046 573 97 185 
938 519 92 174 
1029 564 96 183 
1051 575 98 185 
942 521 92 174 
1020 560 96 182 
1050 575 97 185 
1028 564 96 183 
1019 560 96 182 
959 530 93 176 
1046 573 97 185 
1089 595 99 189 
985 543 94 179 
1056 578 98 186 
911 506 91 171 
1067 584 98 187 
938 519 92 174 
979 540 94 178 
960 530 93 176 
916 508 91 172 
1081 590 99 188 
974 537 94 177 
1006 553 95 181 
999 549 95 180 
926 513 91 173 
941 521 92 174 
915 508 91 172 
1002 551 95 180 
952 526 93 175 
971 536 94 177 
922 511 91 172 
1058 579 98 186 
921 511 91 172 
1097 599 100 190 
935 518 92 174 
1014 557 96 181 
909 504 90 171 
1057 579 98 186 
938 519 92 174 
1006 553 95 181 
1048 574 97 185 
930 515 91 173 
1010 555 96 181 
943 522 92 174 
1052 576 98 185 
1045 572 97 184 
935 518 92 174 
1072 586 99 187 
904 502 90 170 
1072 586 99 187 
1012 556 96 181 
981 540 94 178 
1052 576 98 185 
1043 572 97 184 
1097 599 100 190 
956 528 93 176 
901 500 90 170 
1087 593 99 189 
1072 586 99 187 
1046 573 97 185 
1003 552 95 180 
1041 571 97 184 
1056 578 98 186 
975 537 94 177 
1054 577 98 185 
1050 575 98 185 
1023 561 96 182 
980 540 94 178 
1039 570 97 184 
901 500 90 170 
1055 577 98 185 
1079 590 99 188 
948 524 92 175 
924 512 91 172 
944 522 92 174 
960 530 93 176 
1077 588 99 188 
1009 554 95 181 
957 529 93 176 
928 514 91 173 
958 529 93 176 
1023 561 96 182 
965 532 93 176 
991 546 95 179 
989 544 94 179 
1066 583 98 187 
985 543 94 179 
969 535 93 177 
1035 567 97 183 
944 522 92 174 
993 547 95 179 
963 531 93 176 
1025 563 96 183 
1075 588 99 188 
990 545 94 179 
1057 578 98 186 
991 546 95 179 
1031 566 97 183 
926 513 91 173 
987 543 94 179 
1082 591 99 188 
1021 561 96 182 
1053 577 98 185 
1001 550 95 180 
1000 550 95 180 
1069 584 98 187 
914 507 91 171 
1015 557 96 181 
1089 594 99 189 
1004 552 95 180 
939 519 92 174 
1070 585 98 187 
950 525 93 175 
1040 570 97 184 
1008 554 95 181 
1090 595 99 189 
1025 562 96 182 
1068 584 98 187 
902 501 90 170 
1098 599 100 190 
916 508 91 172 
964 532 93 176 
1089 595 99 189 
902 501 90 170 
1065 582 98 186 
1072 586 99 187 
988 544 94 179 
951 526 93 175 
1061 580 98 186 
996 548 95 180 
927 513 91 173 
1086 593 99 189 
1079 590 99 188 
998 549 95 180 
1071 586 99 187 
984 542 94 178 
1037 568 97 184 
980 540 94 178 
1001 551 95 180 
938 519 92 174 
1093 596 100 189 
959 529 93 176 
921 510 91 172 
929 514 91 173 
903 501 90 170 
1043 572 97 184 
1013 556 96 181 
1059 579 98 186 
1001 551 95 180 
1058 579 98 186 
1039 570 97 184 
1056 578 98 186 
981 541 94 178 
1030 565 96 183 
936 518 92 174 
964 532 93 176 
935 517 92 173 
982 541 94 178 
948 524 92 175 
981 541 94 178 
1095 598 100 190 
964 532 93 176 
1096 598 100 190 
1027 564 96 183 
975 538 94 178 
1071 586 99 187 
1024 562 96 182 
950 525 93 175 
1059 579 98 186 
987 543 94 179 
972 536 94 177 
966 533 93 177 
1039 570 97 184 
954 527 93 175 
1062 581 98 186 
959 530 93 176 
1009 554 95 181 
998 549 95 180 
1071 586 99 187 
1078 589 99 188 
937 518 92 174 
1017 559 96 182 
1080 590 99 188 
989 545 94 179 
1084 592 99 188 
956 528 93 176 
1022 561 96 182 
1036 568 97 184 
946 523 92 175 
903 501 90 170 
983 542 94 178 
1088 594 99 189 
969 534 93 177 
1056 578 98 186 
935 517 92 173 
968 534 93 177 
929 514 91 173 
1043 572 97 184 
1040 570 97 184 
1038 569 97 184 
951 525 93 175 
1038 569 97 184 
945 523 92 175 
985 542 94 178 
974 537 94 177 
971 536 94 177 
912 506 91 171 
1026 563 96 183 
1041 571 97 184 
1023 561 96 182 
1030 565 96 183 
934 517 92 173 
930 515 91 173 
1003 551 95 180 
1075 588 99 188 
937 518 92 174 
993 546 95 179 
986 543 94 179 
999 550 95 180 
932 516 92 173 
968 534 93 177 
952 526 93 175 
1069 584 98 187 
1060 580 98 186 
985 543 94 179 
1021 561 96 182 
929 515 91 173 
1002 551 95 180 
959 530 93 176 
1072 586 99 187 
1034 567 97 183 
1027 563 96 183 
925 512 91 172 
994 547 95 179 
1097 599 100 190 
1090 595 99 189 
1029 565 96 183 
930 515 92 173 
1028 564 96 183 
1013 557 96 181 
994 547 95 179 
986 543 94 179 
1020 560 96 182 
1070 585 98 187 
1050 575 98 185 
1016 558 96 182 
1085 592 99 188 
913 506 91 171 
1098 599 100 190 
911 505 91 171 
940 520 92 174 
985 542 94 178 
922 511 91 172 
1025 562 96 182 
910 505 90 171 
957 528 93 176 
912 506 91 171 
1041 570 97 184 
1034 567 97 183 
976 538 94 178 
938 519 92 174 
1049 575 97 185 
968 534 93 177 
1059 580 98 186 
998 549 95 180 
1005 553 95 181 
906 503 90 171 
1029 564 96 183 
970 535 94 177 
946 523 92 175 
987 543 94 179 
976 538 94 178 
994 547 95 179 
1096 598 100 190 
973 536 94 177 
1055 577 98 185 
1011 555 96 181 
1078 589 99 188 
971 535 94 177 
949 525 92 175 
1082 591 99 188 
909 504 90 171 
1090 595 100 189 
1011 556 96 181 
975 538 94 178 
1099 600 100 190 
912 506 91 171 
1003 552 95 180 
906 503 90 171 
1014 557 96 181 
936 518 92 174 
1026 563 96 183 
1096 598 100 190 
1075 587 99 187 
990 545 95 179 
1042 571 97 184 
1055 578 98 186 
999 549 95 180 
1006 553 95 181 
930 515 92 173 
974 537 94 177 
928 514 91 173 
1045 573 97 185 
995 548 95 180 
990 545 94 179 
1077 589 99 188 
1006 553 95 181 
982 541 94 178 
954 527 93 175 
914 507 91 171 
984 542 94 178 
905 503 90 171 
958 529 93 176 
1001 550 95 180 
1093 597 100 189 
922 511 91 172 
1035 567 97 183 
1000 550 95 180 
1055 578 98 186 
929 514 91 173 
917 508 91 172 
980 540 94 178 
1059 580 98 186 
938 519 92 174 
1054 577 98 185 
958 529 93 176 
943 522 92 174 
903 502 90 170 
980 540 94 178 
976 538 94 178 
1032 566 97 183 
914 507 91 171 
931 515 92 173 
903 502 90 170 
923 511 91 172 
1030 565 97 183 
981 540 94 178 
964 532 93 176 
1012 556 96 181 
1099 599 100 190 
1067 583 98 187 
1040 570 97 184 
1084 592 99 188 
908 504 90 171 
914 507 91 171 
995 547 95 179 
970 535 93 177 
1087 594 99 189 
998 549 95 180 
1008 554 95 181 
1079 590 99 188 
989 545 94 179 
1075 588 99 188 
951 525 93 175 
955 527 93 175 
966 533 93 177 
1010 555 95 181 
944 522 92 174 
1034 567 97 183 
929 514 91 173 
919 509 91 172 
1074 587 99 187 
947 524 92 175 
977 539 94 178 
1014 557 96 181 
1005 553 95 181 
915 508 91 172 
1075 587 99 187 
1090 595 100 189 
1063 581 98 186 
957 528 93 176 
1006 553 95 181 
968 534 93 177 
1011 555 96 181 
1095 597 100 189 
962 531 93 176 
1034 567 97 183 
965 533 93 177 
1055 577 98 185 
