LIST_OFFSET 1
5
1500 20 90 180
1500 20 100 170
1500 20 110 160
1500 20 120 150
1500 20 130 140
LIST_OFFSET 2
24
1500 20 90 180
1500 20 90 180
1500 20 90 160
1500 20 90 180
1500 20 50 180
1500 20 90 180
1500 20 90 180
1500 20 30 40
1500 20 90 180
1500 20 90 180
1500 20 90 180
1500 20 90 180
1500 20 60 130
1500 20 90 180
1500 20 90 180
1500 20 90 150
1500 20 90 180
1500 20 20 180
1500 20 90 180
1500 20 90 180
1500 20 90 160
1500 20 70 180
1500 20 90 180
1500 20 90 180