LIST_OFFSET 1
5
0 0 90 180
1000 10 100 170
2000 20 110 160
3000 30 120 150
4000 40 130 140
LIST_OFFSET 2
24
0 0 90 180
220 240 90 180
20 800 90 160
60 620 90 180
360 160 50 180
80 560 90 180
100 500 90 180
120 440 30 40
160 360 90 180
180 320 90 180
700 40 90 180
200 280 90 180
140 400 60 130
240 220 90 180
280 200 90 180
320 180 90 150
400 140 90 180
440 120 20 180
500 100 90 180
560 80 90 180
40 700 90 160
620 60 70 180
800 20 90 180
800 0 90 180
LIST_OFFSET 3
24
10000 0 90 180
220 240 90 180
20 800 90 160
60 620 90 180
360 160 50 180
80 560 90 180
100 500 90 180
120 440 30 40
160 360 90 180
180 320 90 180
700 40 90 180
200 280 90 180
140 400 60 130
240 220 90 180
280 200 90 180
320 180 90 150
400 140 90 180
440 120 20 180
500 100 90 180
560 80 90 180
40 700 90 160
620 60 70 180
800 20 90 180
800 0 90 180
LIST_OFFSET 4
24
0 0 90 180
220 240 90 180
20 800 90 180
60 620 90 180
360 160 90 180
80 560 90 180
100 500 90 180
120 440 90 180
160 360 90 180
180 320 90 180
700 40 90 180
200 280 90 180
140 400 90 180
240 220 90 180
280 200 90 180
320 180 90 180
400 140 90 180
440 120 90 180
500 100 90 180
560 80 90 180
40 700 90 180
620 60 90 180
800 20 90 180
800 0 90 180
LIST_OFFSET 5
24
0 20 90 180
220 20 90 180
20 20 90 160
60 20 90 180
360 20 50 180
80 20 90 180
100 20 90 180
120 20 30 40
160 20 90 180
180 20 90 180
700 20 90 180
200 20 90 180
140 20 60 130
240 20 90 180
280 20 90 180
320 20 90 150
400 20 90 180
440 20 20 180
500 20 90 180
560 20 90 180
40 20 90 160
620 20 70 180
800 20 90 180
800 20 90 180
LIST_OFFSET 6
24
1500 20 90 180
1500 20 90 180
1500 20 90 160
1500 20 90 180
1500 20 90 180
1500 20 90 180
1500 20 90 180
1500 20 90 40
1500 20 90 180
1500 20 90 180
1500 20 90 180
1500 20 90 180
1500 20 90 130
1500 20 90 180
1500 20 90 180
1500 20 90 150
1500 20 90 180
1500 20 90 180
1500 20 90 180
1500 20 90 180
1500 20 90 160
1500 20 90 180
1500 20 90 180
1500 20 90 180
LIST_OFFSET 7
24
1500 20 90 180
1500 20 90 180
1500 20 90 160
1500 20 90 180
1500 20 50 180
1500 20 90 180
1500 20 90 180
1500 20 30 40
1500 20 90 180
1500 20 90 180
1500 20 90 180
1500 20 90 180
1500 20 60 130
1500 20 90 180
1500 20 90 180
1500 20 90 150
1500 20 90 180
1500 20 20 180
1500 20 90 180
1500 20 90 180
1500 20 90 160
1500 20 70 180
1500 20 90 180
1500 20 90 180
LIST_OFFSET 8
24
15000 20 90 180
15000 20 90 180
15000 50 90 160
15000 60 90 170
15000 20 50 150
15000 20 90 180
15000 20 40 180
15000 20 30 40
15000 90 90 180
15000 20 100 60
15000 20 90 180
15000 20 110 70
15000 20 60 130
15000 20 90 180
15000 50 120 10
15000 20 90 150
15000 20 90 180
15000 20 20 80
15000 20 90 180
15000 20 10 20
15000 150 90 180
15000 20 70 10
15000 20 90 180
15000 20 90 80
LIST_OFFSET 9
24
10000 0 90 180
20 240 100 180
30 200 80 180
60 220 90 180
20 160 60 180
20 260 100 180
50 190 90 180
20 240 60 180
10 260 70 180
80 150 80 180
10 160 90 180
20 180 90 180
30 200 60 180
40 220 90 180
30 210 60 180
20 130 90 180
40 140 70 180
20 120 70 180
50 100 90 180
70 190 100 180
10 230 80 180
60 170 70 180
20 270 90 180
50 120 60 180
LIST_OFFSET 10
24
2000 100 90 180 
2000 100 90 180 
2000 100 90 180 
2000 100 90 180 
2000 100 90 180 
2000 100 90 180 
2000 100 90 180 
2000 100 90 180 
2000 100 90 180 
2000 100 90 180 
2000 100 90 180 
2000 100 90 180 
2000 100 90 180 
2000 100 90 180 
2000 100 90 180 
2000 100 90 180 
2000 100 90 180 
2000 100 90 180 
2000 100 90 180 
2000 100 90 180 
2000 100 90 180 
2000 100 90 180 
2000 100 90 180 
2000 100 90 180 
LIST_OFFSET 11
24
2000 100 90 177 
2000 100 90 189 
2000 100 90 160 
2000 100 90 172 
2000 100 90 166 
2000 100 90 164 
2000 100 90 167 
2000 100 90 174 
2000 100 90 176 
2000 100 90 182 
2000 100 90 177 
2000 100 90 187 
2000 100 90 168 
2000 100 90 195 
2000 100 90 161 
2000 100 90 187 
2000 100 90 177 
2000 100 90 182 
2000 100 90 166 
2000 100 90 168 
2000 100 90 192 
2000 100 90 199 
2000 100 90 173 
2000 100 90 188
LIST_OFFSET 12
24
2000 100 87 177 
2000 100 99 189 
2000 100 70 160 
2000 100 82 172 
2000 100 76 166 
2000 100 74 164 
2000 100 77 167 
2000 100 84 174 
2000 100 86 176 
2000 100 92 182 
2000 100 87 177 
2000 100 97 187 
2000 100 78 168 
2000 100 105 195 
2000 100 71 161 
2000 100 97 187 
2000 100 87 177 
2000 100 92 182 
2000 100 76 166 
2000 100 78 168 
2000 100 102 192 
2000 100 109 199 
2000 100 83 173 
2000 100 98 188
LIST_OFFSET 13
24
2000 276 87 177 
2000 468 99 189 
2000 12 70 160 
2000 203 82 172 
2000 105 76 166 
2000 70 74 164 
2000 130 77 167 
2000 231 84 174 
2000 263 86 176 
2000 353 92 182 
2000 277 87 177 
2000 446 97 187 
2000 141 78 168 
2000 568 105 195 
2000 29 71 161 
2000 436 97 187 
2000 276 87 177 
2000 366 92 182 
2000 101 76 166 
2000 137 78 168 
2000 519 102 192 
2000 625 109 199 
2000 210 83 173 
2000 450 98 188
LIST_OFFSET 14
24
983 276 87 177 
1044 468 99 189 
900 12 70 160 
960 203 82 172 
929 105 76 166 
918 70 74 164 
937 130 77 167 
969 231 84 174 
979 263 86 176 
1008 353 92 182 
984 277 87 177 
1037 446 97 187 
941 141 78 168 
1076 568 105 195 
905 29 71 161 
1034 436 97 187 
983 276 87 177 
1012 366 92 182 
928 101 76 166 
940 137 78 168 
1060 519 102 192 
1094 625 109 199 
963 210 83 173 
1038 450 98 188
LIST_OFFSET 15
24
2000 100 87 180 
2000 100 99 180 
2000 100 70 180 
2000 100 82 180 
2000 100 76 180 
2000 100 74 180 
2000 100 77 180 
2000 100 84 180 
2000 100 86 180 
2000 100 92 180 
2000 100 87 180 
2000 100 97 180 
2000 100 78 180 
2000 100 105 180 
2000 100 71 180 
2000 100 97 180 
2000 100 87 180 
2000 100 92 180 
2000 100 76 180 
2000 100 78 180 
2000 100 102 180 
2000 100 109 180 
2000 100 83 180 
2000 100 98 180
LIST_OFFSET 16
24
2000 276 90 180 
2000 468 90 180 
2000 12 90 180 
2000 203 90 180 
2000 105 90 180 
2000 70 90 180 
2000 130 90 180 
2000 231 90 180 
2000 263 90 180 
2000 353 90 180 
2000 277 90 180 
2000 446 90 180 
2000 141 90 180 
2000 568 90 180 
2000 29 90 180 
2000 436 90 180 
2000 276 90 180 
2000 366 90 180 
2000 101 90 180 
2000 137 90 180 
2000 519 90 180 
2000 625 90 180 
2000 210 90 180 
2000 450 90 180